1.00000e+00 9.03477e+00 -2.32887e+01
2.00000e+00 8.69631e+00 -2.83708e+01
3.00000e+00 -9.50864e+00 -3.60874e+01
4.00000e+00 -2.88709e+01 -3.48482e+01
5.00000e+00 -4.17716e+00 -4.90062e+01
6.00000e+00 -1.69638e+01 -4.62286e+01
7.00000e+00 3.94399e+01 -3.00610e+01
8.00000e+00 -9.18681e+00 -4.19914e+01
9.00000e+00 1.32572e+01 -4.49016e+01
1.00000e+01 -1.60230e+01 -3.75649e+01
1.10000e+01 8.82561e+00 -4.44330e+01
1.20000e+01 -1.93698e+01 -3.52709e+01
1.30000e+01 3.66052e+01 -3.29243e+01
1.40000e+01 3.89224e+00 -2.54800e+01
1.50000e+01 1.89656e+01 -4.16493e+01
1.60000e+01 -2.37829e+01 -4.11767e+01
1.70000e+01 5.86095e+00 -3.23426e+01
1.80000e+01 -1.69533e+01 -2.99497e+01
1.90000e+01 -2.51873e+01 -2.46375e+01
2.00000e+01 5.09959e+00 -4.33581e+01
2.10000e+01 1.61407e+01 -2.40928e+01
2.20000e+01 3.12325e+01 -2.76619e+01
2.30000e+01 1.33926e+01 -4.08038e+01
2.40000e+01 2.95960e+01 -3.89912e+01
2.50000e+01 1.39610e+01 -3.01283e+01
2.60000e+01 -3.84865e+00 -4.51959e+01
2.70000e+01 -3.28081e+00 -3.34363e+01
2.80000e+01 -5.87089e+00 -3.92795e+01
2.90000e+01 8.91185e+00 -3.76151e+01
3.00000e+01 1.59280e+01 -3.59655e+01
3.10000e+01 2.51591e+01 -3.75241e+01
3.20000e+01 2.59237e+01 -4.13968e+01
3.30000e+01 -2.88303e+01 -2.70177e+01
3.40000e+01 1.74718e+01 -3.19233e+01
3.50000e+01 -1.22114e+01 -2.83064e+01
3.60000e+01 -1.51443e+01 -1.47191e+01
3.70000e+01 2.96321e+01 -3.20050e+01
3.80000e+01 2.12633e+01 -3.43560e+01
3.90000e+01 1.88783e+01 -2.73304e+01
4.00000e+01 1.35780e+00 -3.02890e+01
4.10000e+01 -7.53894e+00 -1.80963e+01
4.20000e+01 -1.08359e+01 -2.16121e+01
4.30000e+01 3.80090e+01 -2.10586e+01
4.40000e+01 -9.18973e-02 -2.44278e+01
4.50000e+01 1.20320e+01 -2.64905e+01
4.60000e+01 -6.15427e+00 -2.49052e+01
4.70000e+01 1.01005e+01 -3.24878e+01
4.80000e+01 -1.38127e+01 -4.11118e+01
4.90000e+01 -3.36215e+01 -2.00223e+01
5.00000e+01 -1.51472e+01 -2.45894e+01
5.10000e+01 -3.73577e+00 -1.81673e+01
5.20000e+01 -3.68361e+01 -3.04419e+01
5.30000e+01 -3.81609e+01 -2.08814e+01
5.40000e+01 2.30068e+01 -2.47766e+01
5.50000e+01 -2.15917e+01 -3.01711e+01
5.60000e+01 3.09922e+01 -1.67251e+01
5.70000e+01 2.28093e+01 -1.40852e+01
5.80000e+01 -1.09907e+01 -1.63757e+01
5.90000e+01 2.42633e+01 -2.09964e+01
6.00000e+01 -4.03841e+01 -2.71518e+01
6.10000e+01 1.93106e+01 -1.68273e+01
6.20000e+01 9.76116e+00 -1.89742e+01
6.30000e+01 4.57177e+01 -1.95269e+01
6.40000e+01 3.28457e+01 -2.05449e+01
6.50000e+01 -4.79542e+01 -1.39385e+01
6.60000e+01 -4.51193e+01 -1.80000e+01
6.70000e+01 -4.75137e+01 -2.10771e+00
6.80000e+01 -1.95902e+01 -2.00892e+01
6.90000e+01 -4.52541e+01 -7.43579e+00
7.00000e+01 -2.81374e+01 -1.94008e+01
7.10000e+01 -3.92863e+01 -1.41913e+01
7.20000e+01 4.78864e+00 -2.08558e+01
7.30000e+01 3.59113e+01 -1.15973e+01
7.40000e+01 1.36188e+01 -2.00058e+01
7.50000e+01 -2.42479e+00 -1.27529e+01
7.60000e+01 4.06644e+01 -1.40953e+01
7.70000e+01 -1.60385e+01 -1.88722e+01
7.80000e+01 1.99828e+00 -1.64261e+01
7.90000e+01 4.70247e+01 -1.51551e+01
8.00000e+01 4.14070e+00 -8.78325e+00
8.10000e+01 -3.56306e+01 -1.56288e+01
8.20000e+01 1.77887e+01 -5.94164e+00
8.30000e+01 -2.24476e+01 -1.26280e+01
8.40000e+01 -9.23760e+00 -1.07547e+01
8.50000e+01 2.83994e+01 -1.24716e+01
8.60000e+01 4.26811e+01 -2.49665e+01
8.70000e+01 -5.38615e+00 -6.14816e+00
8.80000e+01 -2.08063e+01 -8.75216e+00
8.90000e+01 3.97012e+01 2.50154e+00
9.00000e+01 -2.55010e+01 -5.91347e+00
9.10000e+01 -2.21119e-01 -7.96990e+00
9.20000e+01 -4.37740e+01 -1.18524e+01
9.30000e+01 6.23461e+00 -1.26992e+01
9.40000e+01 4.26570e+01 -1.07522e+01
9.50000e+01 4.86828e+01 -1.00353e+01
9.60000e+01 2.71090e+01 -1.18649e+00
9.70000e+01 7.57258e-01 -3.99595e+00
9.80000e+01 -2.00501e+01 -4.22719e+00
9.90000e+01 -5.21790e+00 -1.01973e+01
1.00000e+02 2.65893e+01 -5.09208e+00
1.01000e+02 -9.20339e+00 -5.96309e+00
1.02000e+02 -3.78247e+01 -9.48652e+00
1.03000e+02 -3.46938e+01 -5.25455e+00
1.04000e+02 -6.87329e+00 -4.11062e-01
1.05000e+02 3.45497e+01 -7.08120e+00
1.06000e+02 2.30274e+00 -1.26075e+01
1.07000e+02 5.01162e+00 -5.15793e+00
1.08000e+02 4.89280e+01 -4.90855e+00
1.09000e+02 3.14139e+01 -9.25194e+00
1.10000e+02 6.23015e+00 -1.04784e+00
1.11000e+02 3.05675e+01 -5.64291e+00
1.12000e+02 -1.65232e+01 -1.11648e+01
1.13000e+02 -3.33887e+01 -1.67073e+00
1.14000e+02 -4.92344e+01 -8.38352e+00
1.15000e+02 -6.83071e+00 4.47031e+00
1.16000e+02 -2.57981e+01 -9.78502e+00
1.17000e+02 -1.93606e+01 -1.52338e+01
1.18000e+02 -4.41543e+01 9.16378e-01
1.19000e+02 3.06926e+01 5.81113e-01
1.20000e+02 2.14851e+01 -5.43198e+00
1.21000e+02 -1.36377e+01 -5.11668e+00
1.22000e+02 1.56621e+01 -1.01119e+01
1.23000e+02 3.62510e+01 -2.79871e+00
1.24000e+02 1.16606e+01 -1.20638e+01
1.25000e+02 1.24125e+01 -8.15607e+00
1.26000e+02 8.47411e+00 -7.27560e+00
1.27000e+02 9.01326e-01 -1.24329e-01
1.28000e+02 4.51046e+01 -6.10443e+00
1.29000e+02 -3.29076e+01 -8.55747e+00
1.30000e+02 -3.33296e+01 4.02453e+00
1.31000e+02 2.43398e+01 5.71276e+00
1.32000e+02 -1.73017e+01 -5.15616e-01
1.33000e+02 -2.84382e+01 -3.26228e+00
1.34000e+02 -1.06803e+01 1.90784e+00
1.35000e+02 3.55897e+01 1.23878e+01
1.36000e+02 4.78285e+01 1.99109e+00
1.37000e+02 1.11644e+01 -1.04584e+00
1.38000e+02 -3.40815e+00 -2.72229e+00
1.39000e+02 -4.80598e+01 3.28494e+00
1.40000e+02 -2.95899e+01 6.15240e+00
1.41000e+02 3.51149e+01 4.04045e+00
1.42000e+02 4.46934e+01 4.57073e+00
1.43000e+02 -1.31299e+00 3.26007e+00
1.44000e+02 2.19805e+01 2.65265e+00
1.45000e+02 -4.31434e+01 6.13057e+00
1.46000e+02 -2.96285e+01 8.84948e-01
1.47000e+02 2.64114e+01 1.08354e+01
1.48000e+02 -3.53085e+01 1.65688e+01
1.49000e+02 -2.58370e+01 4.22944e+00
1.50000e+02 -2.34775e+01 1.17812e+00
1.51000e+02 -3.88458e+01 6.43061e+00
1.52000e+02 -1.39013e+01 5.64285e+00
1.53000e+02 1.88347e+01 6.86131e+00
1.54000e+02 2.22639e+01 -1.55044e+00
1.55000e+02 4.27647e+01 -2.34771e-01
1.56000e+02 1.12513e+00 7.74917e+00
1.57000e+02 1.46220e+01 3.16189e-01
1.58000e+02 8.51902e+00 2.76548e+00
1.59000e+02 5.03446e+00 7.80233e+00
1.60000e+02 -4.09740e+01 -1.65173e+00
1.61000e+02 -1.75139e+01 4.78098e+00
1.62000e+02 4.81301e+01 5.99224e+00
1.63000e+02 -1.93273e+01 1.11662e+01
1.64000e+02 8.65025e+00 7.00102e+00
1.65000e+02 -1.77099e+01 2.49752e+01
1.66000e+02 -4.57034e+01 1.36415e+01
1.67000e+02 -4.67113e+01 8.79002e+00
1.68000e+02 -3.88730e+00 1.00669e+01
1.69000e+02 -3.55538e+01 1.02445e+01
1.70000e+02 4.78393e+00 3.19986e+00
1.71000e+02 -3.10271e+01 1.13412e+01
1.72000e+02 4.04672e+01 9.33296e+00
1.73000e+02 1.98603e+01 1.91544e+01
1.74000e+02 4.78915e+01 1.25018e+01
1.75000e+02 4.25737e+01 1.48076e+01
1.76000e+02 3.13279e+01 1.05252e+01
1.77000e+02 2.18148e+01 2.48324e+01
1.78000e+02 -1.16808e+01 2.04646e+01
1.79000e+02 -3.76178e+01 2.03134e+01
1.80000e+02 -3.42350e+01 2.34332e+01
1.81000e+02 -4.48707e+01 1.83981e+01
1.82000e+02 -7.28886e+00 1.20384e+01
1.83000e+02 -1.01805e+01 7.25618e+00
1.84000e+02 8.44764e+00 1.80038e+01
1.85000e+02 3.78074e+01 2.12119e+01
1.86000e+02 -2.61532e+01 1.28459e+01
1.87000e+02 1.63734e+01 2.35289e+01
1.88000e+02 3.78630e+01 1.61154e+01
1.89000e+02 1.66153e+01 2.73913e+01
1.90000e+02 3.14067e+01 1.73444e+01
1.91000e+02 -1.71538e+00 1.93596e+01
1.92000e+02 4.06808e+00 2.52293e+01
1.93000e+02 1.54764e+01 1.86812e+01
1.94000e+02 -2.89835e+01 2.42848e+01
1.95000e+02 3.60934e+01 3.26690e+01
1.96000e+02 -4.31159e+01 2.22662e+01
1.97000e+02 -1.17549e+01 1.61530e+01
1.98000e+02 2.73261e+01 3.28632e+01
1.99000e+02 1.32770e+01 1.21703e+01
2.00000e+02 -1.09955e+01 1.12977e+01
2.01000e+02 -3.04250e+01 1.57314e+01
2.02000e+02 8.62433e+00 2.23857e+01
2.03000e+02 2.14550e+01 1.01528e+01
2.04000e+02 1.78595e+01 1.20718e+01
2.05000e+02 -1.61920e+01 3.05946e+01
2.06000e+02 1.31166e+01 2.17173e+01
2.07000e+02 -7.14548e+00 1.74015e+01
2.08000e+02 -4.62681e+00 1.46178e+01
2.09000e+02 -4.13004e+01 2.73414e+01
2.10000e+02 3.98997e+01 2.89243e+01
2.11000e+02 3.49820e+01 2.59985e+01
2.12000e+02 -2.93757e+01 1.96944e+01
2.13000e+02 -1.94247e+00 4.36787e+01
2.14000e+02 1.01010e+01 4.13932e+01
2.15000e+02 -1.05229e+01 2.50814e+01
2.16000e+02 -1.10557e+01 3.23637e+01
2.17000e+02 -7.76211e+00 2.20926e+01
2.18000e+02 -1.82728e+01 2.07685e+01
2.19000e+02 2.40188e+01 2.18314e+01
2.20000e+02 -1.59638e+01 1.64964e+01
2.21000e+02 -1.33610e+01 3.63524e+01
2.22000e+02 6.56968e+00 2.95902e+01
2.23000e+02 -6.39609e+00 2.61058e+01
2.24000e+02 3.19014e+00 1.94809e+01
2.25000e+02 -3.76334e+01 3.26542e+01
2.26000e+02 -2.51667e+01 3.45050e+01
2.27000e+02 1.04027e+01 3.17858e+01
2.28000e+02 -3.20180e+01 3.11344e+01
2.29000e+02 1.46182e+01 3.89173e+01
2.30000e+02 -1.96260e+00 2.90243e+01
2.31000e+02 -4.29277e+00 3.90875e+01
2.32000e+02 1.80126e+01 3.08452e+01
2.33000e+02 1.21817e+01 2.71444e+01
2.34000e+02 4.29100e+01 2.16609e+01
2.35000e+02 -2.25819e+01 2.77835e+01
2.36000e+02 3.06517e+01 2.72510e+01
2.37000e+02 -2.70276e+01 2.95478e+01
2.38000e+02 1.33426e+00 3.44909e+01
2.39000e+02 2.27119e+01 3.48943e+01
2.40000e+02 6.36640e+00 1.42141e+01
2.41000e+02 1.53653e+00 4.14993e+01
2.42000e+02 3.08449e+01 3.46401e+01
2.43000e+02 -7.75314e+00 4.92896e+01
2.44000e+02 -1.72023e+01 4.50209e+01
2.45000e+02 2.86085e+01 3.78305e+01
2.46000e+02 1.86031e+01 4.59623e+01
2.47000e+02 -3.41873e+01 3.54814e+01
2.48000e+02 -9.96513e+00 4.62388e+01
2.49000e+02 1.43665e+01 4.34084e+01
2.50000e+02 1.99860e+01 4.01664e+01
2.51000e+02 9.00909e+00 3.68234e+01
2.52000e+02 -5.94958e+00 4.26954e+01
2.53000e+02 -1.16692e+01 4.19883e+01
2.54000e+02 -1.98370e+01 3.58670e+01
2.55000e+02 -2.69173e+01 3.89076e+01
2.56000e+02 -1.54271e+01 4.09146e+01
