1.00000e+00 -1.99068e+00 -6.79484e-01
2.00000e+00 6.69690e+00 6.79564e-02
3.00000e+00 1.29427e+01 9.99855e+00
4.00000e+00 -6.53461e+00 3.38174e+00
5.00000e+00 -5.01937e+00 -3.73127e+00
6.00000e+00 4.18181e-01 -6.72478e+00
7.00000e+00 1.54195e+01 8.04255e-01
8.00000e+00 8.14783e+00 5.38476e+00
9.00000e+00 7.17184e+00 1.14902e+01
1.00000e+01 3.33351e+00 1.41505e+01
1.10000e+01 -5.67174e+00 1.16040e+01
1.20000e+01 -1.65739e+01 4.67977e+00
1.30000e+01 -1.63255e+01 -1.13454e+00
1.40000e+01 -1.06753e+01 -6.29879e+00
1.50000e+01 -2.02196e+00 -9.71655e+00
1.60000e+01 -5.56996e+00 -1.49341e+01
1.70000e+01 1.02589e+01 -9.95578e+00
1.80000e+01 1.70295e+01 -4.52394e+00
1.90000e+01 2.77795e+01 2.89672e+00
2.00000e+01 1.93942e+01 7.05072e+00
2.10000e+01 1.68433e+01 1.31920e+01
2.20000e+01 9.54466e+00 1.68021e+01
2.30000e+01 8.53600e+00 2.09902e+01
2.40000e+01 -4.05735e+00 1.89721e+01
2.50000e+01 -9.66263e+00 1.69185e+01
2.60000e+01 -1.55965e+01 1.23070e+01
2.70000e+01 -2.03549e+01 5.96846e+00
2.80000e+01 -2.17501e+01 -7.76577e-01
2.90000e+01 -1.49983e+01 -5.50306e+00
3.00000e+01 -1.75651e+01 -1.34411e+01
3.10000e+01 -1.12794e+01 -1.74153e+01
3.20000e+01 2.55789e+00 -1.71600e+01
3.30000e+01 8.84519e+00 -1.72922e+01
3.40000e+01 2.01419e+01 -1.32611e+01
3.50000e+01 1.56007e+01 -1.23056e+01
3.60000e+01 2.02719e+01 -5.99303e+00
3.70000e+01 2.53712e+01 -2.17015e-01
3.80000e+01 2.59176e+01 6.71941e+00
3.90000e+01 2.05739e+01 1.17709e+01
4.00000e+01 2.02814e+01 1.83099e+01
4.10000e+01 1.86032e+01 2.35517e+01
4.20000e+01 1.18414e+01 2.60393e+01
4.30000e+01 2.03411e+00 2.60781e+01
4.40000e+01 -5.52686e+00 2.53134e+01
4.50000e+01 -1.06539e+01 2.36601e+01
4.60000e+01 -1.72292e+01 1.98069e+01
4.70000e+01 -2.27690e+01 1.46838e+01
4.80000e+01 -2.22486e+01 1.02320e+01
4.90000e+01 -3.06877e+01 1.58297e+00
5.00000e+01 -2.81187e+01 -4.05140e+00
5.10000e+01 -2.19508e+01 -8.83801e+00
5.20000e+01 -2.33887e+01 -1.60886e+01
5.30000e+01 -2.24393e+01 -2.20423e+01
5.40000e+01 -1.72862e+01 -2.56908e+01
5.50000e+01 -6.40742e+00 -2.60635e+01
5.60000e+01 4.28176e+00 -2.50402e+01
5.70000e+01 8.07226e+00 -2.47144e+01
5.80000e+01 1.44531e+01 -2.17725e+01
5.90000e+01 2.08197e+01 -1.71676e+01
6.00000e+01 2.58233e+01 -1.14766e+01
6.10000e+01 3.07996e+01 -4.54265e+00
6.20000e+01 4.28019e+01 3.60047e+00
6.30000e+01 3.93716e+01 9.14562e+00
6.40000e+01 3.09137e+01 1.31910e+01
6.50000e+01 2.81311e+01 1.90688e+01
6.60000e+01 2.57141e+01 2.47025e+01
6.70000e+01 1.65639e+01 2.73665e+01
6.80000e+01 6.80269e+00 2.89208e+01
6.90000e+01 9.25154e+00 3.36230e+01
7.00000e+01 -1.19806e+00 3.26140e+01
7.10000e+01 -1.34780e+01 2.96365e+01
7.20000e+01 -1.79591e+01 2.79194e+01
7.30000e+01 -2.05134e+01 2.54863e+01
7.40000e+01 -2.24174e+01 2.19430e+01
7.50000e+01 -3.41859e+01 1.37966e+01
7.60000e+01 -2.82631e+01 1.06487e+01
7.70000e+01 -3.57703e+01 2.10172e+00
7.80000e+01 -3.38578e+01 -3.81413e+00
7.90000e+01 -2.97274e+01 -9.28930e+00
8.00000e+01 -2.76225e+01 -1.54970e+01
8.10000e+01 -2.81188e+01 -2.23635e+01
8.20000e+01 -2.09797e+01 -2.60751e+01
8.30000e+01 -1.05272e+01 -2.78674e+01
8.40000e+01 -1.50187e+01 -3.38569e+01
8.50000e+01 -4.68409e-01 -3.20518e+01
8.60000e+01 3.12905e+00 -3.27438e+01
8.70000e+01 7.52867e+00 -3.17592e+01
8.80000e+01 2.13495e+01 -2.61576e+01
8.90000e+01 2.35171e+01 -2.31673e+01
9.00000e+01 3.46695e+01 -1.58014e+01
9.10000e+01 3.25474e+01 -1.19051e+01
9.20000e+01 3.47961e+01 -5.51712e+00
9.30000e+01 3.80172e+01 -3.47696e-01
9.40000e+01 3.34394e+01 4.82298e+00
9.50000e+01 3.77413e+01 1.33269e+01
9.60000e+01 3.18924e+01 1.82840e+01
9.70000e+01 3.38539e+01 2.56907e+01
9.80000e+01 2.14992e+01 2.77986e+01
9.90000e+01 2.36084e+01 3.43004e+01
1.00000e+02 1.27475e+01 3.55751e+01
1.01000e+02 5.30650e+00 3.71177e+01
1.02000e+02 -2.21367e+00 3.76400e+01
1.03000e+02 -8.16453e+00 3.75760e+01
1.04000e+02 -1.49624e+01 3.60774e+01
1.05000e+02 -2.03816e+01 3.38496e+01
1.06000e+02 -2.61282e+01 3.03499e+01
1.07000e+02 -3.50696e+01 2.46110e+01
1.08000e+02 -3.29095e+01 2.16327e+01
1.09000e+02 -3.79965e+01 1.52156e+01
1.10000e+02 -3.67039e+01 1.01834e+01
1.11000e+02 -3.95219e+01 3.07881e+00
1.12000e+02 -3.76683e+01 -2.89631e+00
1.13000e+02 -3.50051e+01 -8.91024e+00
1.14000e+02 -3.28757e+01 -1.51747e+01
1.15000e+02 -3.25750e+01 -2.19298e+01
1.16000e+02 -2.48687e+01 -2.58510e+01
1.17000e+02 -1.95598e+01 -3.01043e+01
1.18000e+02 -1.95562e+01 -3.55138e+01
1.19000e+02 -4.07373e+00 -3.47570e+01
1.20000e+02 -1.15714e+01 -4.09586e+01
1.21000e+02 1.71471e+00 -3.89873e+01
1.22000e+02 8.71818e+00 -3.79515e+01
1.23000e+02 1.33108e+01 -3.66331e+01
1.24000e+02 2.10146e+01 -3.30141e+01
1.25000e+02 2.52875e+01 -2.94580e+01
1.26000e+02 3.57560e+01 -2.26476e+01
1.27000e+02 2.81444e+01 -2.11030e+01
1.28000e+02 3.95409e+01 -1.20369e+01
1.29000e+02 4.41606e+01 -4.63192e+00
1.30000e+02 4.49477e+01 -1.90609e-01
1.31000e+02 4.50151e+01 6.62485e+00
1.32000e+02 4.15053e+01 1.23974e+01
1.33000e+02 4.00834e+01 1.89283e+01
1.34000e+02 3.79469e+01 2.51054e+01
1.35000e+02 2.80537e+01 2.83653e+01
1.36000e+02 2.91051e+01 3.49734e+01
1.37000e+02 2.15190e+01 3.80880e+01
1.38000e+02 1.53799e+01 4.10494e+01
1.39000e+02 1.15085e+01 4.40205e+01
1.40000e+02 4.97639e+00 4.52270e+01
1.41000e+02 -3.86033e+00 4.47175e+01
1.42000e+02 -8.26448e+00 4.47431e+01
1.43000e+02 -1.46911e+01 4.30630e+01
1.44000e+02 -2.08045e+01 4.04651e+01
1.45000e+02 -2.64746e+01 3.70047e+01
1.46000e+02 -3.15804e+01 3.27556e+01
1.47000e+02 -3.41701e+01 2.84445e+01
1.48000e+02 -3.96782e+01 2.22685e+01
1.49000e+02 -4.24977e+01 1.62540e+01
1.50000e+02 -4.44115e+01 9.89307e+00
1.51000e+02 -4.47059e+01 3.55347e+00
1.52000e+02 -4.27881e+01 -2.43507e+00
1.53000e+02 -4.44115e+01 -9.89307e+00
1.54000e+02 -4.13039e+01 -1.58438e+01
1.55000e+02 -3.65049e+01 -2.11551e+01
1.56000e+02 -3.05522e+01 -2.59386e+01
1.57000e+02 -2.80432e+01 -3.15178e+01
1.58000e+02 -2.34817e+01 -3.59717e+01
1.59000e+02 -1.22033e+01 -3.74852e+01
1.60000e+02 -1.46911e+01 -4.30630e+01
1.61000e+02 -8.26448e+00 -4.47431e+01
1.62000e+02 -1.66175e+00 -4.54696e+01
1.63000e+02 4.97639e+00 -4.52270e+01
1.64000e+02 1.15085e+01 -4.40205e+01
1.65000e+02 1.77953e+01 -4.18758e+01
1.66000e+02 2.37028e+01 -3.88385e+01
1.67000e+02 2.91051e+01 -3.49734e+01
1.68000e+02 3.38871e+01 -3.03630e+01
1.69000e+02 3.14612e+01 -2.73948e+01
1.70000e+02 3.89941e+01 -2.00713e+01
1.71000e+02 4.35708e+01 -1.31085e+01
1.72000e+02 3.69861e+01 -9.44207e+00
1.73000e+02 5.20000e+01 0.00000e+00
1.74000e+02 5.15900e+01 6.51733e+00
1.75000e+02 5.03663e+01 1.29319e+01
1.76000e+02 4.83484e+01 1.91425e+01
1.77000e+02 4.55679e+01 2.50512e+01
1.78000e+02 4.20689e+01 3.05648e+01
1.79000e+02 3.79064e+01 3.55964e+01
1.80000e+02 3.31460e+01 4.00667e+01
1.81000e+02 2.78630e+01 4.39051e+01
1.82000e+02 2.21405e+01 4.70510e+01
1.83000e+02 1.60689e+01 4.94549e+01
1.84000e+02 9.74383e+00 5.10789e+01
1.85000e+02 3.26511e+00 5.18974e+01
1.86000e+02 -3.26511e+00 5.18974e+01
1.87000e+02 -9.74383e+00 5.10789e+01
1.88000e+02 -1.60689e+01 4.94549e+01
1.89000e+02 -2.21405e+01 4.70510e+01
1.90000e+02 -2.78630e+01 4.39051e+01
1.91000e+02 -3.31460e+01 4.00667e+01
1.92000e+02 -3.79064e+01 3.55964e+01
1.93000e+02 -4.20689e+01 3.05648e+01
1.94000e+02 -4.55679e+01 2.50512e+01
1.95000e+02 -4.83484e+01 1.91425e+01
1.96000e+02 -5.03663e+01 1.29319e+01
1.97000e+02 -5.15900e+01 6.51733e+00
1.98000e+02 -5.20000e+01 -1.67245e-14
1.99000e+02 -5.15900e+01 -6.51733e+00
2.00000e+02 -5.03663e+01 -1.29319e+01
2.01000e+02 -4.83484e+01 -1.91425e+01
2.02000e+02 -4.55679e+01 -2.50512e+01
2.03000e+02 -4.20689e+01 -3.05648e+01
2.04000e+02 -3.79064e+01 -3.55964e+01
2.05000e+02 -3.31460e+01 -4.00667e+01
2.06000e+02 -2.78630e+01 -4.39051e+01
2.07000e+02 -2.21405e+01 -4.70510e+01
2.08000e+02 -1.60689e+01 -4.94549e+01
2.09000e+02 -9.74383e+00 -5.10789e+01
2.10000e+02 -3.26511e+00 -5.18974e+01
2.11000e+02 3.26511e+00 -5.18974e+01
2.12000e+02 9.74383e+00 -5.10789e+01
2.13000e+02 1.60689e+01 -4.94549e+01
2.14000e+02 2.21405e+01 -4.70510e+01
2.15000e+02 2.78630e+01 -4.39051e+01
2.16000e+02 3.31460e+01 -4.00667e+01
2.17000e+02 3.79064e+01 -3.55964e+01
2.18000e+02 4.20689e+01 -3.05648e+01
2.19000e+02 4.55679e+01 -2.50512e+01
2.20000e+02 4.83484e+01 -1.91425e+01
2.21000e+02 5.03663e+01 -1.29319e+01
2.22000e+02 5.15900e+01 -6.51733e+00
2.23000e+02 5.85000e+01 0.00000e+00
2.24000e+02 5.81322e+01 6.54992e+00
2.25000e+02 5.70333e+01 1.30175e+01
2.26000e+02 5.52172e+01 1.93213e+01
2.27000e+02 5.27067e+01 2.53822e+01
2.28000e+02 4.95334e+01 3.11239e+01
2.29000e+02 4.57371e+01 3.64742e+01
2.30000e+02 4.13657e+01 4.13657e+01
2.31000e+02 3.64742e+01 4.57371e+01
2.32000e+02 3.11239e+01 4.95334e+01
2.33000e+02 2.53822e+01 5.27067e+01
2.34000e+02 1.93213e+01 5.52172e+01
2.35000e+02 1.30175e+01 5.70333e+01
2.36000e+02 6.54992e+00 5.81322e+01
2.37000e+02 3.58209e-15 5.85000e+01
2.38000e+02 -6.54992e+00 5.81322e+01
2.39000e+02 -1.30175e+01 5.70333e+01
2.40000e+02 -1.93213e+01 5.52172e+01
2.41000e+02 -2.53822e+01 5.27067e+01
2.42000e+02 -3.11239e+01 4.95334e+01
2.43000e+02 -3.64742e+01 4.57371e+01
2.44000e+02 -4.13657e+01 4.13657e+01
2.45000e+02 -4.57371e+01 3.64742e+01
2.46000e+02 -4.95334e+01 3.11239e+01
2.47000e+02 -5.27067e+01 2.53822e+01
2.48000e+02 -5.52172e+01 1.93213e+01
2.49000e+02 -5.70333e+01 1.30175e+01
2.50000e+02 -5.81322e+01 6.54992e+00
2.51000e+02 -5.85000e+01 7.16418e-15
2.52000e+02 -5.81322e+01 -6.54992e+00
2.53000e+02 -5.70333e+01 -1.30175e+01
2.54000e+02 -5.52172e+01 -1.93213e+01
2.55000e+02 -5.27067e+01 -2.53822e+01
2.56000e+02 -4.95334e+01 -3.11239e+01
2.57000e+02 -4.57371e+01 -3.64742e+01
2.58000e+02 -4.13657e+01 -4.13657e+01
2.59000e+02 -3.64742e+01 -4.57371e+01
2.60000e+02 -3.11239e+01 -4.95334e+01
2.61000e+02 -2.53822e+01 -5.27067e+01
2.62000e+02 -1.93213e+01 -5.52172e+01
2.63000e+02 -1.30175e+01 -5.70333e+01
2.64000e+02 -6.54992e+00 -5.81322e+01
2.65000e+02 -1.07463e-14 -5.85000e+01
2.66000e+02 6.54992e+00 -5.81322e+01
2.67000e+02 1.30175e+01 -5.70333e+01
2.68000e+02 1.93213e+01 -5.52172e+01
2.69000e+02 2.53822e+01 -5.27067e+01
2.70000e+02 3.11239e+01 -4.95334e+01
2.71000e+02 3.64742e+01 -4.57371e+01
2.72000e+02 4.13657e+01 -4.13657e+01
2.73000e+02 4.57371e+01 -3.64742e+01
2.74000e+02 4.95334e+01 -3.11239e+01
2.75000e+02 5.27067e+01 -2.53822e+01
2.76000e+02 5.52172e+01 -1.93213e+01
2.77000e+02 5.70333e+01 -1.30175e+01
2.78000e+02 5.81322e+01 -6.54992e+00
